5000
2797
3827
788
8613
4283
9170
2003
84
7414
3877
2470
8534
463
7878
7772
8520
7546
8442
7501
597
8666
9470
7880
2117
9694
1659
8876
774
4376
2116
6728
2996
8794
9599
5143
66
7057
8485
2870
7699
6821
5392
345
7667
1163
8607
7171
6583
5888
9514
7379
7029
4320
1205
6327
5084
9861
8741
4522
6943
5651
9194
3449
2751
3402
1983
8412
9361
1234
4044
8297
8558
8814
3901
5353
6281
5379
3869
7816
1447
7167
8926
902
812
3877
232
425
4553
7601
1067
7276
2830
5336
7773
5504
7136
813
6950
3571
8429
3089
2841
386
8981
7065
604
7092
2995
4045
2862
5613
7490
3634
9481
6674
2191
4568
7435
3957
6935
6651
1571
1527
5797
1251
6337
9388
3089
4043
7615
3736
7832
5463
9336
7572
4913
4762
8156
23
8384
7344
6383
6085
838
5486
9833
7886
5578
7423
582
6418
702
1688
8717
8348
7286
1260
3977
1444
4014
1869
9194
1329
9057
4276
6588
2968
4202
8510
3461
6045
5305
7583
1925
6313
5971
5286
7112
521
9624
7114
5490
4302
7709
9299
9752
55
8026
2755
5834
7221
3732
1953
6527
8780
4290
2605
7320
6098
115
7664
7703
3753
5421
4044
3088
8835
8546
9359
2761
4406
874
9135
3991
4162
755
6583
1458
454
4575
5839
6374
8561
3687
3970
1500
1385
5004
5088
4410
7913
7903
4418
9860
4457
522
2841
7903
8127
662
3851
3521
2569
5798
7950
789
8944
8111
2017
2534
4532
4974
9032
8790
422
6362
1256
120
9518
9709
247
6326
2348
9762
7205
4632
1672
6282
294
9284
1692
6386
13
8466
2372
3205
9771
172
4817
330
5340
7094
262
6036
3444
1682
2232
3255
7525
5805
8345
7793
6234
7498
6827
4356
1473
4767
9839
3320
3740
9844
2558
4386
5084
2994
2859
6992
3536
1742
8579
1130
8235
1271
8610
9597
4890
4494
2232
1908
740
7408
9398
1418
392
1222
5896
8324
7411
8141
8580
1958
2229
2040
1378
4638
2908
1495
7954
4893
4376
2532
5368
6167
83
2441
4202
4040
1708
5652
6060
8814
4183
4018
3955
6050
7553
2185
2378
3673
8319
4892
9577
9802
9469
8931
6001
2335
2361
8841
650
5954
9302
4531
7411
4867
941
8021
2707
6299
3769
5276
9440
9803
4648
5693
8319
2114
7684
3199
4584
7880
7154
8581
6681
4683
432
4025
1741
3037
7355
6879
5794
288
8635
6532
8761
3365
9983
1729
8258
1648
8184
3080
2479
1457
7617
9147
5739
6538
9176
1051
8990
5624
4363
5002
2623
6875
4776
450
9619
5623
2671
1697
6024
9185
9194
9098
4533
6073
7767
2291
5822
990
7945
8943
9654
201
3496
1133
8541
7706
9972
6268
9576
2568
4848
4950
4114
8983
9764
623
2864
2007
5416
6483
8503
303
7022
4294
5712
1933
6223
9921
6079
8564
4390
4667
3537
5671
5009
2172
48
472
8598
2919
5389
1233
8773
6569
72
1186
2152
1644
4277
711
7670
1889
8826
5448
4936
2133
3913
7932
9776
7885
2068
3479
7674
8951
6789
4231
4651
1521
9822
3825
1858
1012
6349
3167
8297
2150
8033
4620
5142
4215
5215
6040
3114
9669
9296
4225
9786
3298
4978
8031
8025
6597
6123
9146
4574
8949
6914
6642
8301
3963
436
8601
4606
1979
5444
6022
478
382
5356
9133
4369
5725
363
9053
45
8560
1138
3959
9802
3269
3596
3378
9506
1523
9171
8131
4251
916
2201
4702
6000
1190
5346
7983
8650
1565
7611
97
7820
8029
3333
5026
414
3278
9827
9905
9387
2855
98
9612
1152
6164
53
7578
1885
7042
6138
6413
9547
3348
2786
7389
4112
9435
9302
8505
9765
7617
5262
9000
1083
5503
175
3923
1501
3366
7302
1602
557
1076
3894
4065
1310
9241
893
8013
368
1771
9280
4183
2650
343
8685
4395
2434
1406
3987
93
6846
4585
1662
7358
9633
8342
8967
336
9011
145
6838
3622
7070
872
9862
8415
3022
8116
5449
1398
926
3141
8118
6766
8593
9803
8039
1000
1826
4506
6791
9452
3424
8554
4247
4207
280
2500
6016
6768
1792
5886
4435
3748
7909
7051
2201
9174
3723
2589
8004
1921
9241
2193
9459
8757
9719
1832
6600
6602
4271
7887
5326
5870
5916
1565
9321
4113
7626
6607
7980
4986
8171
9765
8244
5638
9762
8530
1093
6291
946
816
6094
3422
6154
8359
985
1453
4413
9009
7068
1437
8825
9990
1717
7738
7237
4847
7218
7523
3959
6940
1720
5829
9013
736
3488
4737
2804
2986
1982
3886
2319
128
242
7343
142
3290
8247
5286
2713
3731
3846
6169
8659
6122
1180
4115
481
6985
1697
1280
165
6289
6364
7492
8906
2057
7307
2136
2373
3797
7396
98
8106
2040
3381
3932
8798
2827
1090
183
7984
5528
6795
3640
3997
3435
606
8547
4404
6501
6828
620
7627
3614
8893
1363
4436
8003
1217
1364
3695
6383
9064
8838
4467
3314
2514
4103
1570
7154
6811
9692
2761
3613
5503
8499
7946
5042
7200
822
4627
632
7792
1224
5300
4763
3157
5111
6782
2375
8868
7104
9507
8847
1044
5748
8686
3026
4426
3659
9564
5653
9743
2662
6674
1634
1460
6248
1323
4582
4800
5493
4889
6219
4698
9400
4027
9673
6355
6852
2042
4671
8698
5933
4781
5454
3533
3382
7520
6832
1942
9180
1117
6287
3363
6556
9618
1231
891
7538
5664
6091
3192
8646
5293
1804
9860
6363
1891
6431
4133
5564
490
6518
3141
6192
1538
1497
7085
8955
2577
7949
6377
5396
5091
3670
1870
675
7406
3375
8532
944
5778
8669
2839
5598
1960
1635
7467
3162
1280
485
7378
3264
8218
7992
3597
2946
5791
1597
9068
1998
6303
300
4608
18
7346
1713
7508
9208
8741
2751
996
6657
8043
5412
5168
7264
6896
2956
8717
3597
5589
332
9685
8001
4557
4866
9476
3676
637
5740
4226
4526
4922
6647
4584
3146
6725
280
7247
3106
1090
9347
8186
3583
8485
5657
1895
9683
1627
3479
1361
356
2789
3999
3411
3168
4297
9161
4878
8559
2102
1860
7053
2476
3528
5069
9955
8260
3004
5714
2973
1726
8929
449
1101
4659
206
1922
7756
5758
185
4758
8506
3671
7996
4009
84
2721
1281
6743
2721
7847
3475
2200
5340
7125
238
5174
4628
1913
338
3579
2414
442
1884
5648
491
3897
5512
8731
2678
3263
5233
8009
3034
6717
8066
7071
5712
6709
2895
4261
123
8865
2228
2255
8360
3702
5422
1366
6821
7543
3201
4960
7191
8025
1413
58
8023
9594
9067
5295
1066
1182
2686
9843
3006
8570
9470
1747
2803
5210
4082
6245
5129
6732
425
5286
5244
8758
8541
385
2187
7215
1839
524
8416
9499
8306
8520
7277
8005
7137
3526
682
3762
2198
619
2192
6015
3599
7924
5228
9511
8628
7781
4378
2772
9142
7378
9993
6732
4263
6476
664
4655
8728
5612
3404
9149
7943
5765
3451
2042
1736
2075
3898
3180
6757
4088
9971
1228
8256
9438
6297
5916
5598
1291
6128
3901
3113
3963
727
1256
9485
9874
750
7918
9400
7173
5046
8424
8977
8278
8421
9595
3501
1973
1133
6071
3078
5259
7046
3231
9115
3180
4383
3518
5792
4127
4972
4082
2026
1637
25
153
2608
4418
3669
5931
4501
8495
6228
7432
9919
5491
4102
8061
2406
6787
7605
9771
7134
7987
2430
9486
3708
5878
4849
9478
5008
532
3142
2250
8499
6585
6351
4460
881
531
1957
9379
2879
8483
1474
4383
3259
1107
8022
6432
2417
9967
4255
9434
8959
2662
5365
8387
8963
605
7649
8016
8302
3918
6446
5577
7162
7810
1262
5196
6482
711
1358
2059
2804
7765
8098
7118
9163
9703
9997
5067
5398
1643
6194
5750
1617
3901
480
7378
7148
1545
1358
9374
7305
6193
9330
1512
4683
6814
8884
8176
6875
8170
5196
8645
3168
4544
9016
7439
8191
113
728
2898
5195
9550
39
5319
2728
7735
3174
9761
5056
461
769
5511
3816
9269
3262
2694
8746
702
3761
2086
8876
2654
957
1108
7456
3005
6034
2817
8948
4070
8006
4313
2176
3083
183
5180
3868
470
577
2630
9890
4808
339
3839
7345
2668
8294
6408
4123
5451
4294
6738
5480
3977
5618
1876
2221
4545
9389
5717
3015
2338
4262
4210
3053
4473
3889
6828
2717
2417
5049
9641
6937
5118
7745
6441
9026
6579
2925
7222
196
9519
4610
151
2245
4010
447
1961
7858
9222
5218
7921
9241
1447
4625
3740
7018
9316
4044
3527
5056
7775
2228
2713
2674
4728
4207
5194
9182
2744
2454
367
1693
1416
2247
9985
5082
1987
6159
8113
6979
9020
7796
4972
9451
8015
3754
3098
7314
4275
8056
3715
627
9738
5304
8399
693
3640
4134
7855
8105
9087
8366
2735
7948
3287
5050
3058
1116
7037
152
354
2755
6966
4555
1247
9821
8758
8726
498
8281
2773
1829
3127
5098
4099
6339
6177
7929
9143
6359
131
1405
10
8613
8553
282
4858
2241
5382
3703
2011
7282
2695
8068
750
191
3285
3309
4786
7289
2223
6668
9512
868
7600
3206
7215
6971
653
1978
1984
9787
3542
3844
7873
4662
3128
9656
916
1593
5781
8302
2245
7598
1415
573
9972
7948
739
6492
3331
8645
9590
7461
7114
1196
2589
167
7897
2011
3822
9136
4473
4589
4046
6769
6026
2918
5288
8151
2036
7937
2451
4059
8904
3176
6615
4366
2405
2484
829
1697
402
8653
2805
8801
1595
4302
8719
3965
966
9378
2927
5201
4467
3132
6092
775
6165
1554
611
4110
2252
8713
740
5091
9404
916
9634
1532
7788
1892
3658
1518
8878
5946
312
976
8802
5867
4513
1969
6225
9017
7030
8624
9850
8635
8644
989
4643
1793
3600
9714
1423
1538
8106
7396
4867
6869
425
9754
9716
1714
6744
6009
3356
2855
8005
9512
238
896
6910
6977
1499
8978
8360
8801
886
5106
9501
1087
9881
6170
8777
9538
7482
2744
439
3928
5865
7626
2207
1283
2154
9149
7139
4724
298
3507
3514
6874
3432
7491
3006
2899
1839
4535
9531
1683
9781
1434
9425
2289
914
829
5842
9698
3794
7726
4883
2849
1078
2743
6349
1571
2820
2155
5801
5309
9687
7531
599
4974
8076
8598
4675
4158
578
3960
9705
7677
7363
9074
5700
844
4402
5940
7584
4278
2831
3266
9329
5895
8384
1142
2864
9051
4047
6841
1239
4420
7248
4130
147
1216
8118
7005
8785
7016
190
7022
5568
7157
1555
3445
7483
714
6422
3739
5063
4836
3774
6757
7200
7626
6148
7112
3551
7679
1900
2709
6689
6602
1708
9480
9168
3243
882
8336
1861
5910
6854
1027
1498
1573
5101
1754
644
3351
8730
775
2607
2916
1665
3059
2291
386
4950
4587
1500
6828
1835
7730
4092
2037
5814
8846
9465
1504
2189
1280
8460
848
981
4354
8975
8142
2027
7595
1126
2042
4113
3477
7471
3485
2569
1363
6609
2048
452
3100
847
8681
8795
7981
2404
2958
5008
3820
3599
8108
371
6607
5098
8970
6972
7355
9098
8720
6681
7701
8179
9230
5325
4849
6436
8054
702
6880
3433
204
1064
567
1439
1553
7147
4981
9210
6421
2294
406
5023
8095
5684
4759
7335
1596
1768
2927
9694
1167
8315
8526
7363
6810
683
941
9195
9008
2575
1766
2819
4878
4310
5540
6660
2179
6015
4320
7590
872
54
3648
3693
8471
1844
1103
4781
9297
8417
2875
6457
4129
4566
1286
3846
5530
9289
2506
5905
6495
5840
3833
6638
3678
3957
7351
4893
7576
2679
7599
5761
3834
2685
3436
5245
2544
2526
7214
570
212
4881
1882
2552
1837
7395
9274
5346
1838
1775
9305
5207
555
8753
7866
2986
9232
1217
2385
5182
1160
8121
364
6952
4649
4407
6664
8767
5613
9002
9936
6045
1421
4852
3812
3360
1113
7651
6155
9917
8040
3787
6179
2387
1052
809
7
7456
8253
5290
39
7510
6572
297
2881
3031
2574
3769
7722
94
1189
1506
1378
986
1009
414
1881
3549
6751
6192
6658
1770
1683
4419
8055
641
1189
6712
7372
129
4835
9914
6400
7820
4321
741
9201
1575
7936
8105
5935
4747
1365
2908
2777
7697
602
4727
2080
4229
7546
9103
1677
4983
2872
697
5444
9205
465
9019
975
4619
9381
8590
5295
2298
6523
8817
9296
3663
1758
7462
3508
3757
4719
5920
7720
5674
3969
6839
3850
9214
5982
3100
2343
9324
2300
5846
2294
7709
5119
7442
1576
2248
2377
7517
3395
3026
2103
2809
2664
4338
3343
5756
5913
6643
6289
9650
8908
4800
2966
2445
5054
7595
754
1624
2598
6565
4087
3312
5290
9282
1793
9592
5026
3996
5731
258
5865
5773
7626
9951
5887
2351
4215
1033
4799
6438
9576
2516
2448
8677
9142
2073
5869
6645
7221
9976
6844
195
1317
4058
3248
2043
4609
7847
7379
8923
6195
3162
7055
4612
9788
1365
949
9138
507
4405
4755
1618
152
2493
5006
6176
4780
2381
8347
3329
370
1226
6605
8917
5906
605
9910
9850
5903
9492
8174
9501
5472
9074
4949
606
5184
8175
3159
4612
1086
2695
2841
8705
4116
2699
7499
2258
5186
6623
1643
5290
7741
3664
622
7574
3935
4867
4750
1855
2390
1513
9765
3606
6766
6939
3834
813
6270
4704
9821
9137
1105
4710
855
6604
5972
2209
415
8997
1612
4002
358
1830
5564
2633
4797
8663
8647
8324
3152
8146
7377
75
2672
681
9250
5918
5094
2556
6218
8973
7171
1308
9108
3502
9953
4129
6571
5700
6878
2040
6469
1978
4701
9677
64
7971
1142
9763
2818
7957
1389
7404
518
2146
2120
6854
6754
9419
5073
8007
6037
6015
3610
7672
8260
311
5698
6233
5411
1056
6490
3900
24
568
6489
8626
6524
9194
3677
8316
4610
5863
425
3369
2527
8938
2710
6374
4366
7589
7649
2409
3879
9316
7563
7722
5755
3617
9016
2215
8235
7660
4980
5282
2220
1525
2374
9725
8149
8332
9639
3157
2435
1817
2518
9950
8421
8291
9868
402
8451
1814
2745
5464
3482
3486
3153
6820
2746
1643
313
8148
3787
2617
4965
3147
294
3615
3740
349
2572
5091
5270
1368
9275
3495
4842
8650
500
2137
1485
9351
7383
2854
2969
9479
5227
2437
8175
5460
6220
9455
1800
8021
6437
6742
7135
5813
5491
6313
1172
1973
5866
4689
7652
9338
2973
8397
6991
2012
1483
6902
471
2193
5337
2550
5780
4856
8742
7830
6786
6192
6765
2903
3013
4993
5567
8732
4485
4971
4471
9132
8535
7709
5877
2487
4242
1294
98
5967
8129
5675
2242
8410
3788
5247
9388
3126
4589
9997
4668
3353
9366
2468
4112
9723
589
7816
9178
4649
7110
300
3375
5159
4766
5591
6269
5209
927
1900
5379
7861
6567
3812
9036
1950
9942
9073
7814
9501
9842
1575
3224
3924
2144
1900
5499
2651
5898
1304
8993
6764
9281
3064
6672
5562
6908
288
2309
3408
9894
2217
6716
476
335
1378
5570
3738
6087
639
2207
4198
9080
8918
4970
1791
5826
9001
2175
357
8984
410
2134
8128
3870
5923
4549
8957
6964
2239
2440
8627
8554
2491
6280
3228
1330
8927
860
3098
1982
1364
2838
6956
9073
9965
4768
1413
8808
3817
740
9952
3593
2023
4609
4087
7417
1982
895
8150
5969
3225
2458
913
8069
6365
9987
3333
2781
6262
5565
7286
3681
7756
2112
653
3633
8217
6074
8839
9810
7427
5839
2998
7472
8080
996
7161
133
3081
5660
3263
6160
2333
2064
4590
895
1878
1582
6408
8
1120
4173
2764
9729
7595
3122
5040
6297
742
6546
582
7282
8501
5953
546
2490
3316
2397
4136
5138
1425
8303
7925
6029
9672
2473
2448
292
4723
3480
7578
9769
9266
484
20
3306
1835
2595
2982
197
7748
9306
4679
6601
8550
7709
5707
5606
7505
260
6679
5007
5168
9798
94
7912
1779
4219
1659
9932
5453
4473
7951
1603
4868
3585
49
9063
7584
3412
3816
4950
1646
123
3939
7184
4761
311
11
4274
322
6356
8316
476
1975
5701
2934
5404
6306
8805
2534
4549
6831
71
3456
9544
7700
7787
4330
3620
3405
9289
2594
8132
8754
8669
9280
1423
4892
2189
1923
3510
6673
9614
8679
681
7886
2067
9233
691
5670
5637
2919
5207
1585
3227
6232
4732
6883
5339
378
3327
4489
787
1338
7438
757
9791
28
3623
7432
8612
1289
4672
5082
3594
4870
7353
5013
2941
7780
7014
1008
787
1225
8544
2295
8473
8062
379
1037
3767
8426
1798
3862
9395
3640
1130
8376
3426
7058
6101
1487
1797
1741
8147
4766
3321
9915
4197
4053
1200
5022
5876
7559
4226
8453
947
1106
241
8298
538
6568
1702
8989
5882
9929
4455
8966
6455
8718
2530
3345
23
8805
5106
2714
2973
2709
964
2012
9025
7644
2914
9341
5494
652
4212
2773
3017
5215
9386
1545
7011
1449
9076
6288
5414
9247
8512
6456
671
4903
9713
7237
4017
1582
5420
7070
2046
9010
7103
5130
451
8947
6743
3760
3156
1075
4390
7030
2614
6521
1687
2213
5283
3117
8008
5166
514
5623
418
8080
9839
4628
4500
9043
1560
9169
9770
7693
6718
2767
4000
3187
8478
9263
1172
2500
8082
7053
5948
3713
7063
7986
4117
8087
6529
5433
6767
5476
7218
6246
5305
5703
2597
9406
9779
4535
8073
9939
1708
9015
1646
1004
4197
7079
2807
9526
7644
7568
6788
978
2288
8446
9339
2506
961
2725
3262
3505
2753
8513
719
9641
1962
4478
4090
7828
9982
8682
7437
3867
4402
7459
6935
5004
4813
2181
5288
2062
9306
6465
9000
2050
850
7609
8282
9611
7519
2594
4826
1304
8258
1626
6430
6478
4437
3789
4977
6197
5826
1325
3882
4352
3576
6857
6049
2192
7141
3735
3279
9069
664
5754
9746
6833
6534
5496
6313
5927
71
3191
4566
8401
6534
4486
6335
3690
8039
5250
1707
5928
82
4695
7182
3202
7070
4858
1491
2986
2417
7738
5382
1877
1867
8889
4984
3608
197
4733
6394
917
7232
2908
5422
3274
5861
7946
8303
2681
2565
239
5210
1627
2998
391
7279
2553
2586
9005
5910
3159
3654
5294
1626
1147
7966
9505
5976
7057
534
7976
7278
9683
1300
38
5527
5404
2467
3923
6730
1969
6485
2907
1757
928
4781
1109
9630
295
7044
7290
3889
4408
7292
489
3488
6959
9151
4831
9981
151
9307
3757
4818
4238
4991
2664
5506
2573
7092
4528
8962
3146
9600
1343
1983
7383
2605
8061
4791
1192
6780
9413
5232
3392
7825
1654
42
7949
8500
7886
1909
2973
8234
7362
934
1410
5084
4948
659
8281
1799
2501
2234
4148
4294
3761
1439
9452
6425
4358
1494
7120
2911
2419
1434
9776
8003
622
3982
1119
2600
6209
5404
103
5272
8625
6934
2175
3852
84
9119
514
2512
1530
6919
6281
2940
67
2583
6657
1807
1137
3701
2194
384
772
9580
1012
9410
1070
5542
3073
2479
2147
3156
6010
7723
6127
3295
3636
3524
5422
3090
7798
2861
2978
9674
6067
6643
3905
9367
1460
9978
1495
1765
6415
2376
933
9230
2968
6824
2638
6610
375
4924
9798
2882
6493
3336
3594
1883
8270
2848
2350
2691
5119
6978
2530
6149
5986
1003
963
1938
2887
9552
667
1593
7954
7369
4085
7225
1459
5851
549
9792
5962
6374
9988
696
2425
6829
4079
6148
8439
188
4675
6292
8591
9706
3698
8667
383
1391
8876
315
9976
8220
7528
2781
3453
3940
5276
6281
6642
4943
7161
6981
1755
9411
6140
9170
1372
1722
4266
3758
8933
6042
6086
4295
6419
152
4617
2468
436
136
1853
4510
8545
8028
5813
6278
2389
534
5777
697
8228
8702
4329
1933
1984
7438
8010
1519
1489
5254
8552
6747
182
8734
6447
9050
8106
4275
8152
8956
177
9538
6444
2223
6949
8069
8751
2322
9182
374
3832
3504
7547
603
4974
1766
1323
5636
8620
7237
8502
4202
6461
3830
722
9017
480
4236
7643
2577
5522
9660
1260
6123
1729
3386
8654
2341
5704
7204
7400
1919
4737
13
208
6410
4779
6499
2848
54
9251
1363
2166
1547
8848
5543
415
8485
3017
600
8404
9006
39
8008
2785
9471
9605
9219
8322
7395
8204
1302
3686
6868
8199
6913
2245
2972
2123
5854
2779
5972
950
1054
2482
331
3719
2773
7302
6310
2477
7302
5199
7754
7824
5351
5888
3687
6227
8259
2443
2015
8879
5196
9429
661
3497
6139
3403
4090
4657
4269
7620
5612
7549
6342
2905
9583
6582
2119
4673
9699
4238
2905
9225
3855
660
5628
2307
8383
8561
6195
9296
9213
1383
4442
9800
9369
2763
1319
5262
7229
6388
2893
9891
9328
6517
6057
9362
5704
6683
1988
2126
7993
122
1595
6493
258
2767
4137
7281
9001
563
4278
6013
7836
9567
7185
8920
287
4830
4512
9077
7661
7885
9028
7543
2254
3476
359
3921
4477
2148
9370
58
1006
3839
7783
256
3628
2052
2278
6654
6103
3517
3258
8329
5183
151
602
2980
5307
595
5195
9334
9031
2193
6312
4249
8517
3425
1182
5699
976
2076
8720
9458
1369
7763
2278
9896
2132
9369
9043
5511
1875
5718
9102
6713
4893
4795
3405
2635
8978
1259
185
3702
6929
3809
6136
7234
6551
1374
2943
7623
360
3162
1459
6298
1720
9937
6561
604
2240
7045
8801
1004
5968
9777
9631
3946
8733
3689
3611
1652
3657
7614
2011
918
5815
6783
9677
7989
1941
7109
2075
4908
2256
3997
4057
7092
2623
3059
9531
3106
8720
1993
6264
687
9240
8600
4200
213
5220
9355
2206
2964
8707
5528
7677
6656
7415
2555
4704
4515
4897
8893
949
147
2337
3681
7073
7785
1649
7894
1793
646
1373
130
4703
3335
8802
9524
5406
5593
8883
8081
7378
5162
6944
1074
4148
8244
2700
4350
5196
9378
3877
7681
1308
1927
7103
5573
233
6045
618
8581
6871
63
3670
6079
2304
6162
5268
6180
5282
1211
1506
8900
6683
2052
8055
1304
9326
7649
6025
6017
3472
1659
3263
418
1736
5823
3791
7856
5842
807
5452
1133
6583
3120
522
537
8752
1141
6382
5982
5804
6035
6887
8213
3421
9457
2167
9996
1410
501
4095
8924
8650
9941
6148
5908
266
1535
7021
940
4789
2626
6645
8660
3448
2782
8083
1295
7262
8923
1833
9477
7836
563
379
4445
6379
4732
4264
8482
2982
6812
1011
5929
2024
1659
9670
1416
1423
6911
7415
567
4341
336
7916
1003
9526
8640
4140
967
7280
3616
9808
566
771
104
2823
3071
9638
4888
6700
8551
2337
1463
5127
499
6627
5657
132
5305
5923
8802
469
950
246
9191
1829
2909
7898
3238
1078
4480
8979
8288
6982
9675
8945
9003
3442
7430
1070
5776
1494
2399
9750
4815
3829
1152
9755
3862
2886
2383
5321
7805
2753
7762
5855
7083
6520
969
7678
3901
2601
4839
5697
1049
7148
3638
3399
6270
3103
9922
1952
9012
2685
1367
6072
2681
7684
6190
8238
4841
8905
8971
9647
1856
9127
7722
1777
3882
3017
6509
6690
8910
9276
8744
7592
4315
765
966
8179
9350
6590
6544
8480
1366
2508
5149
9587
45
4878
4696
8057
1657
9571
1093
3960
6362
4593
1443
2793
8878
2451
4102
1128
9347
8723
5378
796
1466
1379
7381
8619
1643
1412
7395
4584
1695
6688
1205
9675
7962
3368
7258
5584
4521
4337
7079
4934
2436
5841
6434
3269
3234
2623
8740
6072
1692
6623
5797
8596
7288
9512
2398
1711
9533
1801
4046
7651
5501
4262
1915
2064
7536
7971
6741
4818
1687
5230
4862
3830
986
4276
8196
5744
5664
251
7203
7129
1758
7038
8706
6444
3340
221
3632
3586
6538
4432
3328
5558
432
8490
8296
2747
3405
3197
4166
8669
1682
4602
4290
9807
2091
8344
5437
4468
8233
3321
8132
3151
905
341
4583
4005
8479
1098
9574
1207
7540
6453
3326
3106
7005
6770
4675
1007
7263
7403
4219
1063
7952
8244
8374
344
4307
9458
6852
5090
422
6710
8795
9846
6433
2346
8594
9649
7202
9884
1724
6446
3388
6573
9885
3393
4471
1808
8424
7133
8488
7519
2000
1334
2662
1348
6455
9350
1510
7524
6729
781
7964
3466
151
2825
7197
4800
9091
1252
5708
8562
2528
5906
6717
1274
4507
979
3775
7151
3552
6460
7379
764
2618
9859
3813
4623
6458
8010
6190
2698
1708
7960
677
9906
1915
892
3018
2909
4710
3847
4292
8723
9573
6627
9760
2675
9407
6138
7892
8298
7171
8162
3692
6835
4668
8614
477
8864
40
7999
984
4746
4548
3553
2994
2574
6144
7345
9365
5719
5628
2866
4318
2455
1400
4114
5219
6391
8733
1132
2168
3617
810
5707
2427
8802
5831
5220
5945
5599
331
902
9366
3149
5253
4410
6558
2487
4895
851
1129
6734
8057
1790
1509
7887
4830
3989
337
3182
5212
974
6429
9433
4665
2528
8242
9737
6623
3388
3638
3797
9889
1826
7256
6003
5425
7848
1786
9735
2099
157
6493
1678
6010
6513
5168
1250
177
6286
6993
3658
6406
3924
5013
642
2923
9734
5427
1110
19
5727
4701
5002
3389
5930
1829
9138
2921
3178
1184
3427
5353
1720
841
1846
1427
6326
1322
674
9590
407
2230
4095
6275
1727
8929
5596
9769
8843
293
4636
2782
195
3257
636
3764
6419
5906
7556
3946
3552
9734
2826
3021
7952
6095
1856
3155
1507
9706
8276
4122
5798
6272
7583
2745
3691
975
3359
8046
4019
8114
3331
9542
4937
9991
5710
1339
9781
118
2438
5151
3830
2337
50
868
1392
9308
279
2331
9695
7893
9374
8433
3913
9509
9136
3586
451
263
9071
4153
642
9771
6921
2847
3110
5721
3222
5173
3173
6274
480
4966
9944
5233
4854
3352
4263
7354
1741
3444
1298
9690
311
2653
3909
7009
3831
7028
5736
4664
8112
8176
5748
6607
896
4011
6396
4757
767
9862
7463
9997
7854
8806
9837
1913
3464
4769
4729
7921
8638
5834
7483
2159
6308
5262
9839
5527
7711
6396
5463
5293
9671
643
7980
4741
9259
8042
2225
7635
6690
2601
3680
64
6982
8984
726
2379
8123
8089
7456
9595
2897
4004
5867
7503
6745
8449
2330
5811
470
6677
7002
5162
611
4221
5545
5781
7233
7282
569
8421
8987
4088
3380
3065
6203
4788
9318
2662
1106
9627
7904
7076
9706
5502
5466
6819
280
4403
2425
3660
5295
1247
5845
1152
7550
5922
4931
389
534
3596
7297
7916
4030
9176
6624
2844
1491
8784
3899
8539
8774
9387
2073
9840
1607
5969
8515
8680
6575
7453
6279
2789
4285
7402
8447
2320
9168
8756
7969
8705
6204
7217
3997
1058
8423
3891
2300
4153
3018
3537
840
5308
4513
6702
8879
5990
632
1472
86
1499
6157
6606
7253
5477
6176
9508
8271
9635
5912
177
435
5821
5326
2968
2249
9641
1471
3181
7050
6696
1569
374
1727
9558
3681
1575
8423
5288
7066
6511
9152
6335
1771
1942
9268
6926
6746
5818
5365
2638
4658
7324
4774
1304
2266
1028
9274
9472
4883
4031
9153
1785
9829
5448
913
1112
362
1940
7906
603
9506
5868
890
6748
7549
708
580
6941
3008
28
9402
8355
5895
7939
4895
776
1327
4182
1285
7996
3238
4858
9798
3052
4868
1852
380
7391
2005
2387
8491
5009
7654
8554
7025
3917
8113
9700
87
1833
9842
6275
4854
4780
2179
8978
2652
2703
6794
341
8666
5305
281
6377
6843
223
8443
8666
3580
5568
1597
7925
223
5161
5945
6777
1647
7206
6384
679
1513
4048
2796
1677
9462
9879
2176
4439
2792
2820
8435
8250
2695
1466
6672
7455
9302
6656
2237
3898
5662
5805
4193
5323
3736
9755
5648
8097
4266
5224
4643
6175
3668
1076
5152
7471
4750
8999
4782
1061
8676
105
8495
5514
3259
1862
7990
6642
1097
9911
9006
5159
2976
9751
2349
9094
3691
3643
7981
3740
5364
5125
7237
9265
9192
2620
9732
6221
347
5001
8445
4092
5418
2716
7900
2600
3987
6767
5729
3764
7839
633
820
9366
9850
7755
7920
2452
5325
7595
813
1707
3033
4185
7898
3344
7985
7642
6302
6920
745
2242
8874
3845
9564
2020
9955
9421
9274
301
8318
9134
5765
2045
5140
7312
4369
5839
998
7306
5192
6382
8212
3402
8198
4143
6293
2694
7582
3021
536
2313
7425
3768
336
684
2725
6293
8410
4847
8444
8914
158
4113
132
1865
2871
1894
8117
9424
628
4641
5114
5325
8335
8860
4080
341
278
5361
8966
1335
9716
9265
5880
4406
6751
4411
6423
3958
2673
3165
6083
7562
962
1761
3722
6173
2979
7737
7694
3115
1771
9760
2960
5156
5127
3280
8517
7053
1995
8553
7735
4084
1634
6125
7420
7041
3871
9849
3973
8217
6326
912
23
7005
4482
433
5612
3281
438
752
8261
3268
5958
830
5997
6394
4634
4691
1638
2222
5192
585
7886
5137
6329
1143
3545
7660
8928
7039
7315
5397
8793
8767
9791
8861
4603
6757
8839
8472
1746
4567
993
5144
7394
494
9594
7559
6745
1763
7341
5950
5238
4567
4254
8871
2147
6136
2503
4319
9956
271
6281
4730
9123
4688
8080
7255
1413
3845
1312
2206
2934
507
6219
183
3852
989
4109
8527
7367
7661
2676
2400
1823
1242
9569
4725
5933
5863
5521
7514
3512
7959
5354
9520
1640
7648
8989
5965
9706
6632
5075
2440
4165
4369
2793
9079
4291
2266
6729
431
8529
1356
2853
8693
6656
6970
8711
9602
8713
2757
6952
558
2562
4386
1474
4215
5948
5053
1605
5668
285
2060
3859
8097
2050
5281
4128
3649
7949
5298
6296
2381
7849
9419
4478
7194
5346
8788
969
1505
3003
7392
2727
442
5653
2353
135
3398
3321
1314
1136
2272
943
9925
822
1825
4909
550
279
2697
6800
9113
5435
7723
4674
8031
215
7606
3767
7488
9641
7253
8121
8251
3004
1867
542
9614
4035
5140
8875
5837
5981
4253
9557
7979
821
3178
3320
5049
8445
5651
227
6704
7104
9477
9890
7391
2451
9895
3823
2443
896
1039
9417
3727
9795
2358
7624
5792
7839
2078
115
8749
2304
4074
7171
4377
206
3524
