500
291
935
147
330
17
582
411
758
604
284
620
427
858
675
586
152
210
497
639
469
832
945
138
936
705
320
620
328
211
287
566
332
962
229
671
10
265
909
222
551
741
255
930
587
524
740
801
780
941
621
796
493
236
981
781
376
788
748
717
750
139
68
435
366
634
559
252
693
616
330
800
543
218
316
166
293
86
212
696
977
13
873
462
357
338
723
268
512
944
559
98
390
867
399
195
58
407
200
796
250
473
454
342
973
248
619
896
340
70
481
265
747
95
277
623
834
410
722
436
507
122
181
473
637
628
482
933
931
516
460
727
401
550
479
470
617
305
194
790
971
452
526
511
746
729
897
315
283
710
148
463
124
434
837
710
37
444
96
494
729
680
776
513
62
77
310
514
94
162
366
443
515
923
455
744
257
659
729
490
454
956
139
555
284
290
233
650
840
349
154
552
4
486
510
992
767
773
427
908
733
325
969
606
552
760
607
694
13
84
624
672
109
757
22
520
932
273
425
233
418
350
101
355
754
50
162
567
595
746
314
855
960
883
468
30
313
434
565
109
111
963
234
557
305
158
166
421
586
833
761
713
604
355
79
101
410
897
89
441
949
621
39
307
174
313
10
609
513
81
945
84
868
811
156
183
260
54
793
954
495
857
126
301
532
472
96
920
78
879
356
816
326
838
466
419
179
169
85
815
97
803
630
388
802
735
649
428
859
723
717
136
845
901
304
704
408
54
399
424
398
693
344
434
975
278
384
517
830
394
796
607
772
597
404
807
501
120
5
55
626
354
519
333
531
682
300
953
191
240
589
448
587
694
751
944
750
518
644
844
970
670
230
39
748
909
7
180
141
859
438
982
177
600
585
26
824
57
499
279
837
652
198
405
694
162
1000
122
449
654
588
586
654
891
373
316
418
699
590
656
733
208
544
149
223
682
413
212
369
995
583
640
670
61
651
654
415
366
685
514
419
107
441
621
572
398
283
857
259
287
140
590
558
547
757
199
811
873
269
638
67
121
121
540
729
507
77
282
925
940
406
763
388
531
253
1
252
760
481
696
3
925
539
135
979
764
998
437
1
105
610
557
977
751
163
705
575
20
201
438
832
117
648
298
800
490
580
235
959
169
755
309
635
507
397
668
438
363
293
345
297
